1.
Binary search tree (BST) is a tree that has at most 2 children for each node.


2.
                    50
            30              71
        25      40                80
    1                                99
        7
    5


3.
The height is 5.


4.
a.
0010, 0050, 0025, 0001, 0030, 0070, 0065, 0085, 0150, 0135, 0169, 0180

b.
0001, 0025, 0030, 0050, 0065, 0070, 0085, 0100, 0135, 0150, 0169, 0180

c.
0001, 0030, 0025, 0065, 0085, 0070, 0050, 0135, 0180, 0169, 0150, 0100


5.
                            0100
            0050                          0150
    0025            0070            0135        0169
0010            0065    0085                        0180


6.
                            0100
            0030                          0150
    0025            0070            0135        0169
0010            0065    0085                        0180


